5052
5052
1111
1222
1223
2123
2221
2231
2321
2331
2421
2431
3231
3232
3241
3341
3541
3901
3902
4193
4251
4998H
4998
4999H
4999
5243
5339
5441
5462
4471
5523
5524
5539
5912
5914
2111
4256
1224
4191
2133
2451
3321
3461
5236
5915
1110
2501
3521
4253
5351
5469
5525
5526
5911
3430
2122
3421
5544
2112
3244
4252
5245
5429
5052
1111
1222
1223
2123
2221
2231
2321
2331
2421
2431
3231
3232
3241
3341
3541
3901
3902
4193
4251
4998H
4998
4999H
4999
5243
5339
5441
5462
4471
5523
5524
5539
5912
5914
2111
4256
1224
4191
2133
2451
3321
3461
5236
5915
1110
2501
3521
4253
5351
5469
5525
5526
5911
3430
2122
3421
5544
2112
3244
4252
5245
5429
5052
1111
1222
1223
2123
2221
2231
2321
2331
2421
2431
3231
3232
3241
3341
3541
3901
3902
4193
4251
4998H
4998
4999H
4999
5243
5339
5441
5462
4471
5523
5524
5539
5912
5914
2111
4256
1224
4191
2133
2451
3321
3461
5236
5915
3430
1110
2501
3521
4253
5351
5469
5525
5526
5911
2122
3421
5544
2112
3244
4252
5245
5429
5052
1111
1222
1223
2123
2221
2231
2321
2331
2421
2431
3231
3232
3241
3341
3541
3901
3902
4193
4251
4998H
4998
4999H
4999
5243
5339
5052
1111
1222
1223
2123
2221
2231
2321
2331
2421
2431
3231
3232
3241
3341
3541
3901
3902
4193
4251
4998H
4998
4999H
4999
5243
5339
5441
5462
4471
5523
5524
5539
5912
5914
2111
4256
1224
4191
2133
2451
3321
3461
5236
5915
1110
2501
3521
4253
5351
5469
5525
5526
5911
3430
2122
3421
5544
2112
3244
4252
5245
5429
5052
1111
1222
1223
2123
2221
2231
2321
2331
2421
2431
3231
3232
3241
3341
3541
3901
3902
4193
4251
4998H
4998
4999H
4999
5243
5339
5052
1111
1222
1223
2123
2221
2231
2321
2331
2421
2431
3231
3232
3241
3341
3541
3901
3902
4193
4251
4998H
4998
4999H
4999
5243
5339
5441
5462
4471
5523
5524
5539
5912
5914
2111
4256
1224
4191
2133
2451
3321
3461
5236
5915
1110
2501
3521
4253
5351
5469
5525
5526
5911
3430
2122
3421
5544
2112
3244
4252
5245
5429
5052
1111
1222
1223
2123
2221
2231
2321
2331
2421
2431
3231
3232
3241
3341
3541
3901
3902
4193
4251
4998H
4998
4999H
4999
5243
5339
5441
5462
4471
5523
5524
5539
5912
5914
2111
4256
1224
4191
2133
2451
3321
3461
5236
5915
1110
2501
3521
4253
5351
5469
5525
5526
5911
3430
2122
3421
5544
2112
3244
4252
5245
5429
5052
1111
1222
1223
2123
2221
2231
2321
2331
2421
2431
3231
3232
3241
3341
3541
3901
3902
4193
4251
4998H
4998
4999H
4999
5243
5339
5441
5462
4471
5523
5524
5539
5912
5914
2111
4256
1224
4191
2133
2451
3321
3461
5236
5915
1110
2501
3521
4253
5351
5469
5525
5526
5911
3430
2122
3421
5544
2112
3244
4252
5245
5429
5052
1111
1222
1223
2123
2221
2231
2321
2331
2421
2431
3231
3232
3241
3341
3541
3901
3902
4193
4251
4998H
4998
4999H
4999
5243
5339
5052
1111
1222
1223
2123
2221
2231
2321
2331
2421
2431
3231
3232
3241
3341
3541
3901
3902
4193
4251
4998H
4998
4999H
4999
5243
5339
5441
5462
4471
5523
5524
5539
5912
5914
2111
4256
1224
4191
2133
2451
3321
3461
5236
5915
3430
1110
2501
3521
4253
5351
5469
5525
5526
5911
2122
3421
5544
2112
3244
4252
5245
5429
5052
1111
1222
1223
2123
2221
2231
2321
2331
2421
2431
3231
3232
3241
3341
3541
3901
3902
4193
4251
4998H
4998
4999H
4999
5243
5339
5441
5462
4471
5523
5524
5539
5912
5914
2111
4256
1224
4191
2133
2451
3321
3461
5236
5915
1110
2501
3521
4253
5351
5469
5525
5526
5911
3430
2122
3421
5544
2112
3244
4252
5245
5429
5052
1111
1222
1223
2123
2221
2231
2321
2331
2421
2431
3231
3232
3241
3341
3541
3901
3902
4193
4251
4998H
4998
4999H
4999
5243
5339
5441
5462
4471
5523
5524
5539
5912
5914
2111
4256
1224
4191
2133
2451
3321
3461
5236
5915
3430
1110
2501
3521
4253
5351
5469
5525
5526
5911
2122
3421
5544
2112
3244
4252
5245
5429
5052
1111
1222
1223
2123
2221
2231
2321
2331
2421
2431
3231
3232
3241
3341
3541
3901
3902
4193
4251
4998H
4998
4999H
4999
5243
5339
5441
5462
4471
5523
5524
5539
5912
5914
2111
4256
1224
4191
2133
2451
3321
3461
5236
5915
1110
2501
3521
4253
5351
5469
5525
5526
5911
3430
2122
3421
5544
2112
3244
4252
5245
5429
5052
1111
1222
1223
2123
2221
2231
2321
2331
2421
2431
3231
3232
3241
3341
3541
3901
3902
4193
4251
4998H
4998
4999H
4999
5243
5339
5441
5462
4471
5523
5524
5539
5912
5914
2111
4256
1224
4191
2133
2451
3321
3461
5236
5915
1110
2501
3521
4253
5351
5469
5525
5526
5911
3430
2122
3421
5544
2112
3244
4252
5245
5429
5052
1111
1222
1223
2123
2221
2231
2321
2331
2421
2431
3231
3232
3241
3341
3541
3901
3902
4193
4251
4998H
4998
4999H
4999
5243
5339
5441
5462
4471
5523
5524
5539
5912
5914
2111
4256
1224
4191
2133
2451
3321
3461
5236
5915
3430
1110
2501
3521
4253
5351
5469
5525
5526
5911
2122
3421
5544
2112
3244
4252
5245
5429
5052
1111
1222
1223
2123
2221
2231
2321
2331
2421
2431
3231
3232
3241
3341
3541
3901
3902
4193
4251
4998H
4998
4999H
4999
5243
5339
5441
5462
4471
5523
5524
5539
5912
5914
2111
4256
1224
4191
2133
2451
3321
3461
5236
5915
3430
1110
2501
3521
4253
5351
5469
5525
5526
5911
2122
3421
5544
2112
3244
4252
5245
5429
5052
1111
1222
1223
2123
2221
2231
2321
2331
2421
2431
3231
3232
3241
3341
3541
3901
3902
4193
4251
4998H
4998
4999H
4999
5243
5339
5441
5462
4471
5523
5524
5539
5912
5914
2111
4256
1224
4191
2133
2451
3321
3461
5236
5915
1110
2501
3521
4253
5351
5469
5525
5526
5911
3430
2122
3421
5544
2112
3244
4252
5245
5429
5052
1111
1222
1223
2123
2221
2231
2321
2331
2421
2431
3231
3232
3241
3341
3541
3901
3902
4193
4251
4998H
4998
4999H
4999
5243
5339
5441
5462
4471
5523
5524
5539
5912
5914
2111
4256
1224
4191
2133
2451
3321
3461
5236
5915
1110
2501
3521
4253
5351
5469
5525
5526
5911
3430
2122
3421
5544
2112
3244
4252
5245
5429
5052
1111
1222
1223
2123
2221
2231
2321
2331
2421
2431
3231
3232
3241
3341
3541
3901
3902
4193
4251
4998H
4998
4999H
4999
5243
5339
5441
5462
4471
5523
5524
5539
5912
5914
2111
4256
1224
4191
2133
2451
3321
3461
5915
1110
2501
3521
4253
5351
5469
5525
5526
5911
3430
2122
3421
5544
2112
3244
4252
5236
5245
5429
5052
1111
1222
1223
2123
2221
2231
2321
2331
2421
2431
3231
3232
3241
3341
3541
3901
3902
4193
4251
4998H
4998
4999H
4999
5243
5339
5441
5462
4471
5523
5524
5539
5912
5914
2111
4256
1224
4191
2133
2451
3321
3461
5236
5915
1110
2501
3521
4253
5351
5469
5525
5526
5911
3430
2122
3421
5544
2112
3244
4252
5245
5429
5052
1111
1222
1223
2123
2221
2231
2321
2331
2421
2431
3231
3232
3241
3341
3541
3901
3902
4193
4251
4998H
4998
4999H
4999
5243
5339
5441
5462
4471
5523
5524
5539
5912
5914
2111
4256
1224
4191
2133
2451
3321
3461
5236
5915
1110
2501
3521
4253
5351
5469
5525
5526
5911
3430
2122
3421
5544
2112
3244
4252
5245
5429
5052
1111
1222
1223
2123
2221
2231
2321
2331
2421
2431
3231
3232
3241
3341
3541
3901
3902
4193
4251
4998H
4998
4999H
4999
5243
5339
5441
5462
4471
5523
5524
5539
5912
5914
2111
4256
1224
4191
2133
2451
3321
3461
5236
5915
1110
2501
3521
4253
5351
5469
5525
5526
5911
3430
2122
3421
5544
2112
3244
4252
5245
5429
5052
1111
1222
1223
2123
2221
2231
2321
2331
2421
2431
3231
3232
3241
3341
3541
3901
3902
4193
4251
4998H
4998
4999H
4999
5243
5339
5441
5462
4471
5523
5524
5539
5912
5914
2111
4256
1224
4191
2133
2451
3321
3461
5236
5915
3430
1110
2501
3521
4253
5351
5469
5525
5526
5911
2122
3421
5544
2112
3244
4252
5245
5429
5052
1111
1222
1223
2123
2221
2231
2321
2331
2421
2431
3231
3232
3241
3341
3541
3901
3902
4193
4251
4998H
4998
4999H
4999
5243
5339
5441
5462
4471
5523
5524
5539
5912
5914
2111
4256
1224
4191
2133
2451
3321
3461
5236
5915
1110
2501
3521
4253
5351
5469
5525
5526
5911
3430
2122
3421
5544
2112
3244
4252
5245
5429
5052
1111
1222
1223
2123
2221
2231
2321
2331
2421
2431
3231
3232
3241
3341
3541
3901
3902
4193
4251
4998H
4998
4999H
4999
5243
5339
5441
5462
4471
5523
5524
5539
5912
5914
2111
4256
1224
4191
2133
2451
3321
3461
5236
5915
1110
2501
3521
4253
5351
5469
5525
5526
5911
3430
2122
3421
5544
2112
3244
4252
5245
5429
5052
1111
1222
1223
2123
2221
2231
2321
2331
2421
2431
3231
3232
3241
3341
3541
3901
3902
4193
4251
4998H
4998
4999H
4999
5243
5339
5441
5462
4471
5523
5524
5539
5912
5914
2111
4256
1224
4191
2133
2451
3321
3461
5236
5915
1110
2501
3521
4253
5351
5469
5525
5526
5911
3430
2122
3421
5544
2112
3244
4252
5245
5429
5052
1111
1222
1223
2123
2221
2231
2321
2331
2421
2431
3231
3232
3241
3341
3541
3901
3902
4193
4251
4998H
4998
4999H
4999
5243
5339
5441
5462
4471
5523
5524
5539
5912
5914
2111
4256
1224
4191
2133
2451
3321
3461
5236
5915
1110
2501
3521
4253
5351
5469
5525
5526
5911
3430
2122
3421
5544
2112
3244
4252
5245
5429
5052
1111
1222
1223
2123
2221
2231
2321
2331
2421
2431
3231
3232
3241
3341
3541
3901
3902
4193
4251
4998H
4998
4999H
4999
5243
5339
5441
5462
4471
5523
5524
5539
5912
5914
2111
4256
1224
4191
2133
2451
3321
3461
5236
5915
1110
2501
3521
4253
5351
5469
5525
5526
5911
3430
2122
3421
5544
2112
3244
4252
5245
5429
5052
1111
1222
1223
2123
2221
2231
2321
2331
2421
2431
3231
3232
3241
3341
3541
3901
3902
4193
4251
4998H
4998
4999H
4999
5243
5339
5441
5462
4471
5523
5524
5539
5912
5914
2111
4256
1224
4191
2133
2451
3321
3461
5236
5915
1110
2501
3521
4253
5351
5469
5525
5526
5911
3430
2122
3421
5544
2112
3244
4252
5245
5429
5052
1111
1222
1223
2123
2221
2231
2321
2331
2421
2431
3231
3232
3241
3341
3541
3901
3902
4193
4251
4998H
4998
4999H
4999
5243
5339
5441
5462
4471
5523
5524
5539
5912
5914
2111
4256
1224
4191
2133
2451
3321
3461
5915
1110
2501
3521
4253
5351
5469
5525
5526
5911
3430
2122
3421
5544
2112
3244
4252
5236
5245
5429
5052
1111
1222
1223
2123
2221
2231
2321
2331
2421
2431
3231
3232
3241
3341
3541
3901
3902
4193
4251
4998H
4998
4999H
4999
5243
5339
5441
5462
4471
5523
5524
5539
5912
5914
2111
4256
1224
4191
2133
2451
3321
3461
5236
5915
1110
2501
3521
4253
5351
5469
5525
5526
5911
3430
2122
3421
5544
2112
3244
4252
5245
5429
5052
1111
1222
1223
2123
2221
2231
2321
2331
2421
2431
3231
3232
3241
3341
3541
3901
3902
4193
4251
4998H
4998
4999H
4999
5243
5339
5441
5462
4471
5523
5524
5539
5912
5914
2111
4256
1224
4191
2133
2451
3321
3461
5236
5915
1110
2501
3521
4253
5351
5469
5525
5526
5911
3430
2122
3421
5544
2112
3244
4252
5245
5429
5052
1111
1222
1223
2123
2221
2231
2321
2331
2421
2431
3231
3232
3241
3341
3541
3901
3902
4193
4251
4998H
4998
4999H
4999
5243
5339
5441
5462
4471
5523
5524
5539
5912
5914
2111
4256
1224
4191
2133
2451
3321
3461
5236
5915
1110
2501
3521
4253
5351
5469
5525
5526
5911
3430
2122
3421
5544
2112
3244
4252
5245
5429
5052
1111
1222
1223
2123
2221
2231
2321
2331
2421
2431
3231
3232
3241
3341
3541
3901
3902
4193
4251
4998H
4998
4999H
4999
5243
5339
5441
5462
4471
5523
5524
5539
5912
5914
2111
4256
1224
4191
2133
2451
3321
3461
5236
5915
1110
2501
3521
4253
5351
5469
5525
5526
5911
3430
2122
3421
5544
2112
3244
4252
5245
5429
5052
1111
1222
1223
2123
2221
2231
2321
2331
2421
2431
3231
3232
3241
3341
3541
3901
3902
4193
4251
4998H
4998
4999H
4999
5243
5339
5441
5462
4471
5523
5524
5539
5912
5914
2111
4256
1224
4191
2133
2451
3321
3461
5915
3430
1110
2501
3521
4253
5351
5469
5525
5526
5911
2122
3421
5544
2112
3244
4252
5236
5245
5429
5052
1111
1222
1223
2123
2221
2231
2321
2331
2421
2431
3231
3232
3241
3341
3541
3901
3902
4193
4251
4998H
4998
4999H
4999
5243
5339
5441
5462
4471
5523
5524
5539
5912
5914
2111
4256
1224
4191
2133
2451
3321
3461
5236
5915
1110
2501
3521
4253
5351
5469
5525
5526
5911
3430
2122
3421
5544
2112
3244
4252
5245
5429
5052
1111
1222
1223
2123
2221
2231
2321
2331
2421
2431
3231
3232
3241
3341
3541
3901
3902
4193
4251
4998H
4998
4999H
4999
5243
5339
5441
5462
4471
5523
5524
5539
5912
5914
2111
4256
1224
4191
2133
2451
3321
3461
5236
5915
1110
2501
3521
4253
5351
5469
5525
5526
5911
3430
2122
3421
5544
2112
3244
4252
5245
5429
5052
1111
1222
1223
2123
2221
2231
2321
2331
2421
2431
3231
3232
3241
3341
3541
3901
3902
4193
4251
4998H
4998
4999H
4999
5243
5339
5441
5462
4471
5523
5524
5539
5912
5914
2111
4256
1224
4191
2133
2451
3321
3461
5236
5915
1110
2501
3521
4253
5351
5469
5525
5526
5911
3430
2122
3421
5544
2112
3244
4252
5245
5429
5052
1111
1222
1223
2123
2221
2231
2321
2331
2421
2431
3231
3232
3241
3341
3541
3901
3902
4193
4251
4998H
4998
4999H
4999
5243
5339
5441
5462
4471
5523
5524
5539
5912
5914
2111
4256
1224
4191
2133
2451
3321
3461
5236
5915
1110
2501
3521
4253
5351
5469
5525
5526
5911
3430
2122
3421
5544
2112
3244
4252
5245
5429
5052
1111
1222
1223
2123
2221
2231
2321
2331
2421
2431
3231
3232
3241
3341
3541
3901
3902
4193
4251
4998H
4998
4999H
4999
5243
5339
5441
5462
4471
5523
5524
5539
5912
5914
2111
4256
1224
4191
2133
2451
3321
3461
5236
5915
1110
2501
3521
4253
5351
5469
5525
5526
5911
3430
2122
3421
5544
2112
3244
4252
5245
5429
5052
1111
1222
1223
2123
2221
2231
2321
2331
2421
2431
3231
3232
3241
3341
3541
3901
3902
4193
4251
4998H
4998
4999H
4999
5243
5339
5441
5462
4471
5523
5524
5539
5912
5914
2111
4256
1224
4191
2133
2451
3321
3461
5236
5915
1110
2501
3521
4253
5351
5469
5525
5526
5911
3430
2122
3421
5544
2112
3244
4252
5245
5429
